##############################################################################
tuple(a,b,c) a-> current state, b->in/out 3bit in decimal, c-> next state
ans= 4 extra path
##############################################################################

best_path 14 [(3, 7, 2), (2, 2, 1), (1, 0, 0), (0, 4, 2), (2, 6, 1), (1, 5, 2), (2, 6, 1), (1, 0, 0)]
extra_path is {(1, 0, 0), (1, 5, 2), (2, 2, 1), (3, 7, 2)}
used_path is {(2, 6, 1), (0, 4, 2)}

best_path 15 [(1, 7, 2), (2, 2, 1), (1, 0, 0), (0, 4, 2), (2, 6, 1), (1, 5, 2), (2, 6, 1), (1, 0, 0)]
extra_path is {(1, 0, 0), (1, 5, 2), (2, 2, 1), (1, 7, 2)}
used_path is {(2, 6, 1), (0, 4, 2)}
