##############################################################################
tuple(a,b,c) a-> current state, b->in/out 3bit in decimal, c-> next state
ans= 1 extra node and 4 extra path
##############################################################################

best_path 3 [(4, 1, 4), (4, 2, 4), (4, 2, 4), (4, 5, 0), (0, 4, 2), (2, 1, 3), (3, 6, 0), (0, 6, 1)]
extra_path is {(4, 1, 4), (4, 2, 4), (3, 6, 0), (4, 5, 0)}
used_path is {(0, 4, 2), (0, 6, 1), (2, 1, 3)}

best_path 13 [(1, 1, 4), (4, 2, 4), (4, 2, 4), (4, 5, 0), (0, 4, 2), (2, 1, 3), (3, 6, 0), (0, 6, 1)]
extra_path is {(1, 1, 4), (4, 2, 4), (3, 6, 0), (4, 5, 0)}
used_path is {(0, 4, 2), (0, 6, 1), (2, 1, 3)}

best_path 21 [(3, 1, 4), (4, 2, 4), (4, 2, 4), (4, 5, 0), (0, 4, 2), (2, 1, 3), (3, 6, 3), (3, 6, 3)]
extra_path is {(3, 1, 4), (4, 2, 4), (4, 5, 0), (3, 6, 3)}
used_path is {(0, 4, 2), (2, 1, 3)}

best_path 22 [(3, 1, 4), (4, 2, 4), (4, 2, 4), (4, 5, 0), (0, 4, 2), (2, 1, 3), (3, 6, 2), (2, 6, 1)]
extra_path is {(3, 1, 4), (4, 2, 4), (3, 6, 2), (4, 5, 0)}
used_path is {(2, 6, 1), (0, 4, 2), (2, 1, 3)}

best_path 23 [(3, 1, 4), (4, 2, 4), (4, 2, 4), (4, 5, 2), (2, 4, 3), (3, 1, 4), (4, 6, 2), (2, 6, 1)]
extra_path is {(3, 1, 4), (4, 2, 4), (4, 5, 2), (4, 6, 2)}
used_path is {(2, 6, 1), (2, 4, 3)}

best_path 133 [(0, 1, 4), (4, 2, 4), (4, 2, 4), (4, 5, 0), (0, 4, 2), (2, 1, 3), (3, 6, 0), (0, 6, 1)]
extra_path is {(4, 2, 4), (0, 1, 4), (3, 6, 0), (4, 5, 0)}
used_path is {(0, 4, 2), (0, 6, 1), (2, 1, 3)}
